 1961 7.99243
 1961.3 8.03877
 1961.6 8.08509
 1961.9 8.13137
 1962.2 8.17761
 1962.5 8.22383
 1962.8 8.27
 1963.1 8.31614
 1963.4 8.36224
 1963.7 8.4083
 1964 8.45432
 1964.3 8.5003
 1964.6 8.54624
 1964.9 8.59213
 1965.2 8.63798
 1965.5 8.68378
 1965.8 8.72953
 1966.1 8.77523
 1966.4 8.82088
 1966.7 8.86647
 1967 8.91201
 1967.3 8.9575
 1967.6 9.00292
 1967.9 9.04828
 1968.2 9.09358
 1968.5 9.13882
 1968.8 9.18399
 1969.1 9.22908
 1969.4 9.27411
 1969.7 9.31906
 1970 9.36393
 1970.3 9.40872
 1970.6 9.45343
 1970.9 9.49805
 1971.2 9.54259
 1971.5 9.58703
 1971.8 9.63137
 1972.1 9.67561
 1972.4 9.71975
 1972.7 9.76378
 1973 9.80769
 1973.3 9.85149
 1973.6 9.89517
 1973.9 9.93872
 1974.2 9.98213
 1974.5 10.0254
 1974.8 10.0685
 1975.1 10.1115
 1975.4 10.1544
 1975.7 10.197
 1976 10.2395
 1976.3 10.2819
 1976.6 10.324
 1976.9 10.3659
 1977.2 10.4077
 1977.5 10.4492
 1977.8 10.4905
 1978.1 10.5316
 1978.4 10.5725
 1978.7 10.6131
 1979 10.6534
 1979.3 10.6935
 1979.6 10.7332
 1979.9 10.7727
 1980.2 10.8119
 1980.5 10.8507
 1980.8 10.8892
 1981.1 10.9273
 1981.4 10.9651
 1981.7 11.0024
 1982 11.0394
 1982.3 11.0759
 1982.6 11.112
 1982.9 11.1476
 1983.2 11.1827
 1983.5 11.2173
 1983.8 11.2514
 1984.1 11.2849
 1984.4 11.3179
 1984.7 11.3502
 1985 11.382
 1985.3 11.4131
 1985.6 11.4435
 1985.9 11.4732
 1986.2 11.5022
 1986.5 11.5305
 1986.8 11.558
 1987.1 11.5848
 1987.4 11.6108
 1987.7 11.6359
 1988 11.6602
 1988.3 11.6837
 1988.6 11.7062
 1988.9 11.728
 1989.2 11.7488
 1989.5 11.7688
 1989.8 11.7878
 1990.1 11.806
 1990.4 11.8232
 1990.7 11.8396
 1991 11.855
 1991.3 11.8696
 1991.6 11.8833
 1991.9 11.8961
 1992.2 11.9081
 1992.5 11.9192
 1992.8 11.9295
 1993.1 11.9391
 1993.4 11.9478
 1993.7 11.9557
 1994 11.963
 1994.3 11.9695
 1994.6 11.9753
 1994.9 11.9804
 1995.2 11.9849
 1995.5 11.9887
 1995.8 11.992
 1996.1 11.9946
 1996.4 11.9967
 1996.7 11.9983
 1997 11.9993
 1997.3 11.9999
 1997.6 12
 1997.9 11.9996
 1998.2 11.9988
 1998.5 11.9976
 1998.8 11.9959
 1999.1 11.9939
 1999.4 11.9916
 1999.7 11.9888
 2000 11.9858
 2000.3 11.9824
 2000.6 11.9787
 2000.9 11.9748
 2001.2 11.9705
 2001.5 11.966
 2001.8 11.9613
 2002.1 11.9563
 2002.4 11.951
 2002.7 11.9456
 2003 11.9399
 2003.3 11.934
 2003.6 11.9279
 2003.9 11.9217
 2004.2 11.9152
 2004.5 11.9086
 2004.8 11.9018
 2005.1 11.8949
 2005.4 11.8878
 2005.7 11.8806
 2006 11.8732
 2006.3 11.8657
 2006.6 11.8581
 2006.9 11.8503
 2007.2 11.8424
 2007.5 11.8344
 2007.8 11.8263
 2008.1 11.8181
 2008.4 11.8098
 2008.7 11.8014
