 1961 11.06
 1961.3 11.078
 1961.6 11.096
 1961.9 11.114
 1962.2 11.132
 1962.5 11.15
 1962.8 11.168
 1963.1 11.186
 1963.4 11.204
 1963.7 11.222
 1964 11.24
 1964.3 11.258
 1964.6 11.276
 1964.9 11.294
 1965.2 11.312
 1965.5 11.33
 1965.8 11.348
 1966.1 11.366
 1966.4 11.384
 1966.7 11.402
 1967 11.42
 1967.3 11.438
 1967.6 11.456
 1967.9 11.474
 1968.2 11.492
 1968.5 11.51
 1968.8 11.528
 1969.1 11.546
 1969.4 11.564
 1969.7 11.582
 1970 11.6
 1970.3 11.618
 1970.6 11.636
 1970.9 11.654
 1971.2 11.672
 1971.5 11.69
 1971.8 11.708
 1972.1 11.726
 1972.4 11.744
 1972.7 11.762
 1973 11.78
 1973.3 11.798
 1973.6 11.816
 1973.9 11.834
 1974.2 11.852
 1974.5 11.87
 1974.8 11.888
 1975.1 11.906
 1975.4 11.924
 1975.7 11.942
 1976 11.96
 1976.3 11.978
 1976.6 11.996
 1976.9 12.014
 1977.2 12.032
 1977.5 12.05
 1977.8 12.068
 1978.1 12.086
 1978.4 12.104
 1978.7 12.122
 1979 12.14
 1979.3 12.158
 1979.6 12.176
 1979.9 12.194
 1980.2 12.212
 1980.5 12.23
 1980.8 12.248
 1981.1 12.266
 1981.4 12.284
 1981.7 12.302
 1982 12.32
 1982.3 12.338
 1982.6 12.356
 1982.9 12.374
 1983.2 12.392
 1983.5 12.41
 1983.8 12.428
 1984.1 12.446
 1984.4 12.464
 1984.7 12.482
 1985 12.5
 1985.3 12.518
 1985.6 12.536
 1985.9 12.554
 1986.2 12.572
 1986.5 12.59
 1986.8 12.608
 1987.1 12.626
 1987.4 12.644
 1987.7 12.662
 1988 12.68
 1988.3 12.698
 1988.6 12.716
 1988.9 12.734
 1989.2 12.752
 1989.5 12.77
 1989.8 12.788
 1990.1 12.806
 1990.4 12.824
 1990.7 12.842
 1991 12.86
 1991.3 12.878
 1991.6 12.896
 1991.9 12.914
 1992.2 12.932
 1992.5 12.95
 1992.8 12.968
 1993.1 12.986
 1993.4 13.004
 1993.7 13.022
 1994 13.04
 1994.3 13.058
 1994.6 13.076
 1994.9 13.094
 1995.2 13.112
 1995.5 13.13
 1995.8 13.148
 1996.1 13.166
 1996.4 13.184
 1996.7 13.202
 1997 13.22
 1997.3 13.238
 1997.6 13.256
 1997.9 13.274
 1998.2 13.292
 1998.5 13.31
 1998.8 13.328
 1999.1 13.346
 1999.4 13.364
 1999.7 13.382
 2000 13.4
 2000.3 13.418
 2000.6 13.436
 2000.9 13.454
 2001.2 13.472
 2001.5 13.49
 2001.8 13.508
 2002.1 13.526
 2002.4 13.544
 2002.7 13.562
 2003 13.58
 2003.3 13.598
 2003.6 13.616
 2003.9 13.634
 2004.2 13.652
 2004.5 13.67
 2004.8 13.688
 2005.1 13.706
 2005.4 13.724
 2005.7 13.742
 2006 13.76
 2006.3 13.778
 2006.6 13.796
 2006.9 13.814
 2007.2 13.832
 2007.5 13.85
 2007.8 13.868
 2008.1 13.886
 2008.4 13.904
 2008.7 13.922
