 1961 14.1276
 1961.3 14.1172
 1961.6 14.1069
 1961.9 14.0966
 1962.2 14.0864
 1962.5 14.0762
 1962.8 14.066
 1963.1 14.0559
 1963.4 14.0458
 1963.7 14.0357
 1964 14.0257
 1964.3 14.0157
 1964.6 14.0058
 1964.9 13.9959
 1965.2 13.986
 1965.5 13.9762
 1965.8 13.9665
 1966.1 13.9568
 1966.4 13.9471
 1966.7 13.9375
 1967 13.928
 1967.3 13.9185
 1967.6 13.9091
 1967.9 13.8997
 1968.2 13.8904
 1968.5 13.8812
 1968.8 13.872
 1969.1 13.8629
 1969.4 13.8539
 1969.7 13.8449
 1970 13.8361
 1970.3 13.8273
 1970.6 13.8186
 1970.9 13.8099
 1971.2 13.8014
 1971.5 13.793
 1971.8 13.7846
 1972.1 13.7764
 1972.4 13.7683
 1972.7 13.7602
 1973 13.7523
 1973.3 13.7445
 1973.6 13.7368
 1973.9 13.7293
 1974.2 13.7219
 1974.5 13.7146
 1974.8 13.7075
 1975.1 13.7005
 1975.4 13.6936
 1975.7 13.687
 1976 13.6805
 1976.3 13.6741
 1976.6 13.668
 1976.9 13.6621
 1977.2 13.6563
 1977.5 13.6508
 1977.8 13.6455
 1978.1 13.6404
 1978.4 13.6355
 1978.7 13.6309
 1979 13.6266
 1979.3 13.6225
 1979.6 13.6188
 1979.9 13.6153
 1980.2 13.6121
 1980.5 13.6093
 1980.8 13.6068
 1981.1 13.6047
 1981.4 13.6029
 1981.7 13.6016
 1982 13.6006
 1982.3 13.6001
 1982.6 13.6
 1982.9 13.6004
 1983.2 13.6013
 1983.5 13.6027
 1983.8 13.6046
 1984.1 13.6071
 1984.4 13.6101
 1984.7 13.6138
 1985 13.618
 1985.3 13.6229
 1985.6 13.6285
 1985.9 13.6348
 1986.2 13.6418
 1986.5 13.6495
 1986.8 13.658
 1987.1 13.6672
 1987.4 13.6772
 1987.7 13.6881
 1988 13.6998
 1988.3 13.7123
 1988.6 13.7258
 1988.9 13.74
 1989.2 13.7552
 1989.5 13.7712
 1989.8 13.7882
 1990.1 13.806
 1990.4 13.8248
 1990.7 13.8444
 1991 13.865
 1991.3 13.8864
 1991.6 13.9087
 1991.9 13.9319
 1992.2 13.9559
 1992.5 13.9808
 1992.8 14.0065
 1993.1 14.0329
 1993.4 14.0602
 1993.7 14.0883
 1994 14.117
 1994.3 14.1465
 1994.6 14.1767
 1994.9 14.2076
 1995.2 14.2391
 1995.5 14.2713
 1995.8 14.304
 1996.1 14.3374
 1996.4 14.3713
 1996.7 14.4057
 1997 14.4407
 1997.3 14.4761
 1997.6 14.512
 1997.9 14.5484
 1998.2 14.5852
 1998.5 14.6224
 1998.8 14.6601
 1999.1 14.6981
 1999.4 14.7364
 1999.7 14.7752
 2000 14.8142
 2000.3 14.8536
 2000.6 14.8933
 2000.9 14.9332
 2001.2 14.9735
 2001.5 15.014
 2001.8 15.0547
 2002.1 15.0957
 2002.4 15.137
 2002.7 15.1784
 2003 15.2201
 2003.3 15.262
 2003.6 15.3041
 2003.9 15.3463
 2004.2 15.3888
 2004.5 15.4314
 2004.8 15.4742
 2005.1 15.5171
 2005.4 15.5602
 2005.7 15.6034
 2006 15.6468
 2006.3 15.6903
 2006.6 15.7339
 2006.9 15.7777
 2007.2 15.8216
 2007.5 15.8656
 2007.8 15.9097
 2008.1 15.9539
 2008.4 15.9982
 2008.7 16.0426
